0.09
0.08
0.08
0.08
0.09
0.08
0.10
0.09
0.09
0.09
0.08
0.10
0.09
0.08
0.08
0.08
0.08
0.08
0.10
0.08
0.08
0.08
0.08
0.08
0.08
0.08
0.08
0.08
0.08
0.08
0.09
0.08
0.09
0.08
0.08
0.08
0.08
0.08
0.08
0.09
0.08
0.08
0.08
0.08
0.09
0.08
0.08
0.09
0.08
0.08
0.08
0.08
0.08
0.08
0.08
0.08
0.08
0.08
0.08
0.09
0.08
0.08
0.08
0.08
0.09
0.09
0.09
0.09
0.08
0.08
0.08
0.08
0.09
0.08
0.08
0.09
0.08
0.08
0.09
0.08
0.09
0.08
0.08
0.09
0.09
0.09
0.08
0.08
0.09
0.08
0.08
0.10
0.09
0.09
0.09
0.08
0.08
0.21
0.08
0.10
0.08
0.13
0.10
0.08
0.09
0.13
0.12
0.08
0.09
0.09
0.08
0.09
0.08
0.08
0.08
0.20
0.09
0.09
0.08
0.08
0.09
0.08
0.08
0.08
0.08
0.08
0.08
0.08
0.08
0.09
0.08
0.09
0.09
0.08
0.08
0.08
0.08
0.09
0.08
0.08
0.09
0.08
0.08
0.08
0.09
0.09
0.08
0.10
