0.10
0.08
0.09
0.08
0.09
0.08
0.08
0.08
0.08
0.08
0.09
0.08
0.08
0.08
0.08
0.10
0.09
0.08
0.08
0.08
0.09
0.08
0.08
0.08
0.08
0.08
0.08
0.08
0.08
0.08
0.09
0.08
0.08
0.09
0.08
0.08
0.08
0.10
0.08
0.15
0.10
0.08
0.08
0.08
0.08
0.09
0.08
0.09
0.09
0.08
0.09
0.08
0.08
0.08
0.08
0.09
0.08
0.08
0.08
0.08
0.09
0.08
0.08
0.08
0.08
0.09
0.08
0.08
0.08
0.08
0.08
0.09
0.09
0.08
0.13
0.08
0.08
0.08
0.08
0.09
0.08
0.08
0.08
0.09
0.09
0.08
0.08
0.08
0.08
0.09
0.08
0.08
0.08
0.09
0.08
0.09
0.08
0.20
0.08
0.08
0.08
0.08
0.09
0.09
0.08
0.09
0.08
0.08
0.08
0.09
0.08
0.09
0.09
0.09
0.08
0.14
0.10
0.08
0.08
0.08
0.08
0.09
0.08
0.08
0.10
0.08
0.08
0.08
0.08
0.08
0.08
0.08
0.09
0.08
0.08
0.08
0.08
0.09
0.08
0.08
0.08
0.08
0.09
0.08
0.09
0.09
0.08
0.08
