0.08
0.08
0.09
0.09
0.12
0.08
0.08
0.08
0.08
0.08
0.08
0.08
0.08
0.09
0.08
0.12
0.09
0.08
0.08
0.08
0.09
0.08
0.09
0.08
0.08
0.08
0.08
0.09
0.08
0.11
0.08
0.08
0.08
0.09
0.08
0.09
0.08
0.09
0.09
0.09
0.12
0.08
0.08
0.09
0.08
0.08
0.08
0.08
0.08
0.08
0.08
0.09
0.08
0.09
0.09
0.08
0.09
0.09
0.08
0.08
0.08
0.08
0.08
0.09
0.09
0.09
0.08
0.08
0.08
0.08
0.08
0.08
0.08
0.08
0.08
0.08
0.08
0.08
0.09
0.09
0.08
0.08
0.08
0.14
0.08
0.08
0.09
0.08
0.08
0.08
0.08
0.08
0.08
0.08
0.08
0.09
0.09
0.18
0.08
0.08
0.08
0.08
0.08
0.08
0.08
0.10
0.08
0.08
0.10
0.08
0.08
0.08
0.08
0.09
0.08
0.20
0.08
0.08
0.08
0.09
0.08
0.08
0.08
0.08
0.08
0.09
0.08
0.09
0.09
0.08
0.09
0.08
0.09
0.08
0.09
0.08
0.08
0.10
0.08
0.08
0.09
0.09
0.08
0.08
0.08
0.09
0.08
0.09
