0.12
0.12
0.12
0.12
0.12
0.12
0.12
0.12
0.12
0.12
0.12
0.11
0.17
0.12
0.13
0.12
0.12
0.11
0.10
0.14
0.12
0.12
0.11
0.12
0.09
0.11
0.12
0.12
0.11
0.13
0.12
0.12
0.12
0.12
0.12
0.12
0.11
0.12
0.12
0.13
0.12
0.12
0.12
0.12
0.13
0.13
0.12
0.12
0.12
0.25
0.13
0.12
0.12
0.11
0.12
0.12
0.12
0.12
0.13
0.11
0.11
0.12
0.14
0.12
0.14
0.13
0.13
0.12
0.11
0.12
0.12
0.12
0.12
0.13
0.12
0.12
0.11
0.12
0.12
0.11
0.12
0.13
0.12
0.13
0.13
0.22
0.11
0.11
0.12
0.12
0.12
0.11
0.12
0.10
0.12
0.12
0.12
0.12
0.09
0.18
0.11
0.11
0.12
0.12
0.12
0.11
0.30
0.13
0.14
0.14
0.12
0.13
0.12
0.11
0.12
0.12
0.12
0.12
0.12
0.12
0.12
0.12
0.12
0.13
0.11
0.12
0.12
0.12
0.11
0.11
0.09
0.12
0.25
0.12
0.12
0.12
0.11
0.12
0.11
0.11
0.12
0.11
0.12
0.12
0.11
0.13
0.13
0.13
